t v
0.000000000e+00 2.500000000e+00
1.000000000e-02 2.500006356e+00
3.000000000e-02 2.500044427e+00
7.000000000e-02 2.500171166e+00
1.500000000e-01 2.500726738e+00
3.100000000e-01 2.503031882e+00
6.300000000e-01 2.512309800e+00
1.000000000e+00 2.530573884e+00
1.010000000e+00 2.531174175e+00
1.030000000e+00 2.532372090e+00
1.070000000e+00 2.534762624e+00
1.150000000e+00 2.539512337e+00
1.310000000e+00 2.548890437e+00
1.630000000e+00 2.567191875e+00
2.270000000e+00 2.602188159e+00
3.270000000e+00 2.653318053e+00
4.270000000e+00 2.700933439e+00
5.270000000e+00 2.745641963e+00
6.270000000e+00 2.787658807e+00
7.270000000e+00 2.826885789e+00
8.270000000e+00 2.862971545e+00
9.270000000e+00 2.895358412e+00
1.027000000e+01 2.923320197e+00
1.127000000e+01 2.945994000e+00
1.227000000e+01 2.962408443e+00
1.327000000e+01 2.971510069e+00
1.427000000e+01 2.972189246e+00
1.527000000e+01 2.963310765e+00
1.627000000e+01 2.943681943e+00
1.727000000e+01 2.912070145e+00
1.827000000e+01 2.867403135e+00
1.927000000e+01 2.808924789e+00
2.027000000e+01 2.736232782e+00
2.100000000e+01 2.674151362e+00
2.101000000e+01 2.673241269e+00
2.103000000e+01 2.671390090e+00
2.107000000e+01 2.667625875e+00
2.115000000e+01 2.659727880e+00
2.131000000e+01 2.642469027e+00
2.163000000e+01 2.602217344e+00
2.200000000e+01 2.546389348e+00
2.201000000e+01 2.544747314e+00
2.203000000e+01 2.541460623e+00
2.207000000e+01 2.534882059e+00
2.215000000e+01 2.521694296e+00
2.231000000e+01 2.495200937e+00
2.263000000e+01 2.441782999e+00
2.327000000e+01 2.333576191e+00
2.427000000e+01 2.162565443e+00
2.527000000e+01 1.991932035e+00
2.627000000e+01 1.824973807e+00
2.727000000e+01 1.664640035e+00
2.827000000e+01 1.513270268e+00
2.927000000e+01 1.372401566e+00
3.027000000e+01 1.242754411e+00
3.127000000e+01 1.123875800e+00
3.227000000e+01 1.014253967e+00
3.327000000e+01 9.122103992e-01
3.427000000e+01 8.163078955e-01
3.527000000e+01 7.258279515e-01
3.627000000e+01 6.410430221e-01
3.727000000e+01 5.628850237e-01
3.827000000e+01 4.927754806e-01
3.927000000e+01 4.326490404e-01
4.027000000e+01 3.849679665e-01
4.127000000e+01 3.531858044e-01
4.227000000e+01 3.417752381e-01
4.327000000e+01 3.552225068e-01
4.427000000e+01 3.974249066e-01
4.527000000e+01 4.716980118e-01
4.627000000e+01 5.808999237e-01
4.727000000e+01 7.258989758e-01
4.827000000e+01 9.041921146e-01
4.927000000e+01 1.111718861e+00
5.027000000e+01 1.344275181e+00
5.127000000e+01 1.597858101e+00
5.227000000e+01 1.868822209e+00
5.327000000e+01 2.150932130e+00
5.427000000e+01 2.434802883e+00
5.527000000e+01 2.711318668e+00
5.627000000e+01 2.973116749e+00
5.727000000e+01 3.214712645e+00
5.827000000e+01 3.432452461e+00
5.927000000e+01 3.624345975e+00
6.027000000e+01 3.790386100e+00
6.127000000e+01 3.932286633e+00
6.227000000e+01 4.052399248e+00
6.327000000e+01 4.153477369e+00
6.427000000e+01 4.238572105e+00
6.527000000e+01 4.310792251e+00
6.597129522e+01 4.355599355e+00
6.642298629e+01 4.382685413e+00
6.671319571e+01 4.399541925e+00
6.699552102e+01 4.415617727e+00
6.728564420e+01 4.431867391e+00
6.760953143e+01 4.449752636e+00
6.809568554e+01 4.476238464e+00
6.879731024e+01 4.514026810e+00
6.979731024e+01 4.567687655e+00
7.079731024e+01 4.621741008e+00
7.179731024e+01 4.676652590e+00
7.279731024e+01 4.732439852e+00
7.379731024e+01 4.788359481e+00
7.479731024e+01 4.843517798e+00
7.579731024e+01 4.896922695e+00
7.679731024e+01 4.945984196e+00
7.779731024e+01 4.986803942e+00
7.879731024e+01 5.014694019e+00
7.979731024e+01 5.024265917e+00
8.079731024e+01 5.010615015e+00
8.179731024e+01 4.969793111e+00
8.279731024e+01 4.898736128e+00
8.379731024e+01 4.795088803e+00
8.479731024e+01 4.656933581e+00
8.579731024e+01 4.483779613e+00
8.679731024e+01 4.278539136e+00
8.779731024e+01 4.045969064e+00
8.879731024e+01 3.790197623e+00
8.979731024e+01 3.515144244e+00
9.079731024e+01 3.224783034e+00
9.146302811e+01 3.025649417e+00
9.206857349e+01 2.843334127e+00
9.273683993e+01 2.643660041e+00
9.346246947e+01 2.431611261e+00
9.423050796e+01 2.215658951e+00
9.497861084e+01 2.016258301e+00
9.587235601e+01 1.794979137e+00
9.687235601e+01 1.571719573e+00
9.787235601e+01 1.375650179e+00
9.887235601e+01 1.206729570e+00
9.987235601e+01 1.063129301e+00
1.008723560e+02 9.421548738e-01
1.018723560e+02 8.409711116e-01
1.028723560e+02 7.564118166e-01
1.038723560e+02 6.852301324e-01
1.048723560e+02 6.238382544e-01
1.058723560e+02 5.684262369e-01
1.068723560e+02 5.160006160e-01
1.078723560e+02 4.645718458e-01
1.088723560e+02 4.129403996e-01
1.098723560e+02 3.604577229e-01
1.108723560e+02 3.067829668e-01
1.118723560e+02 2.520341624e-01
1.128723560e+02 1.970536158e-01
1.138723560e+02 1.427411362e-01
1.148723560e+02 9.013931765e-02
1.158723560e+02 4.194916855e-02
1.167654075e+02 5.827898876e-03
1.174298648e+02 -1.482832082e-02
1.180400745e+02 -2.749368328e-02
1.187247973e+02 -3.289442984e-02
1.194641423e+02 -2.657621302e-02
1.202474695e+02 -4.333328621e-03
1.210154987e+02 3.453659719e-02
1.219038681e+02 1.022514694e-01
1.229038681e+02 2.094936633e-01
1.239038681e+02 3.513457332e-01
1.249038681e+02 5.280272364e-01
1.259038681e+02 7.363470833e-01
1.269038681e+02 9.715728654e-01
1.279038681e+02 1.229615751e+00
1.289038681e+02 1.506559571e+00
1.299038681e+02 1.798360043e+00
1.309038681e+02 2.098378983e+00
1.319038681e+02 2.397091193e+00
1.329038681e+02 2.685591251e+00
1.339038681e+02 2.956843367e+00
1.349038681e+02 3.205746685e+00
1.359038681e+02 3.429045696e+00
1.369038681e+02 3.625105185e+00
1.379038681e+02 3.793983899e+00
1.389038681e+02 3.937523515e+00
1.399038681e+02 4.058428544e+00
1.409038681e+02 4.159539766e+00
1.419038681e+02 4.244027543e+00
1.427922129e+02 4.307715042e+00
1.434578069e+02 4.349923638e+00
1.440712099e+02 4.385842927e+00
1.447582153e+02 4.423785704e+00
1.454991130e+02 4.463022875e+00
1.462839631e+02 4.503636411e+00
1.470516506e+02 4.543104777e+00
1.479476287e+02 4.589458652e+00
1.489476287e+02 4.642026888e+00
1.499476287e+02 4.695782155e+00
1.509476287e+02 4.750575168e+00
1.519476287e+02 4.805543255e+00
1.529476287e+02 4.859813763e+00
1.539476287e+02 4.912290519e+00
1.549476287e+02 4.960192957e+00
1.559476287e+02 4.999493388e+00
1.569476287e+02 5.025346991e+00
1.579476287e+02 5.032320214e+00
1.589476287e+02 5.015608168e+00
1.599476287e+02 4.971368532e+00
1.609476287e+02 4.896634915e+00
1.619476287e+02 4.789128178e+00
1.629476287e+02 4.646974304e+00
1.639476287e+02 4.469992460e+00
1.649476287e+02 4.261409934e+00
1.659476287e+02 4.025956886e+00
1.669476287e+02 3.767720992e+00
1.679476287e+02 3.490619917e+00
1.688280437e+02 3.234128825e+00
1.694941255e+02 3.034770112e+00
1.701109165e+02 2.848884572e+00
1.707998971e+02 2.642831577e+00
1.715418241e+02 2.425982237e+00
1.723275662e+02 2.205324758e+00
1.730928547e+02 2.002011380e+00
1.740003098e+02 1.778633149e+00
1.750003098e+02 1.557141547e+00
1.760003098e+02 1.362928541e+00
1.770003098e+02 1.195810624e+00
1.780003098e+02 1.053853234e+00
1.790003098e+02 9.343484563e-01
1.800003098e+02 8.344346839e-01
1.810003098e+02 7.509254212e-01
1.820003098e+02 6.805697663e-01
1.830003098e+02 6.197487538e-01
1.840003098e+02 5.646694728e-01
1.850003098e+02 5.124097785e-01
1.860003098e+02 4.610392489e-01
1.870003098e+02 4.094027643e-01
1.880003098e+02 3.568804076e-01
1.890003098e+02 3.031444810e-01
1.900003098e+02 2.483670992e-01
1.910003098e+02 1.934257071e-01
1.920003098e+02 1.391852698e-01
1.930003098e+02 8.677018818e-02
1.940003098e+02 3.899738526e-02
1.948696186e+02 4.286769889e-03
1.955362453e+02 -1.604268339e-02
1.961574074e+02 -2.839876558e-02
1.968489605e+02 -3.301979620e-02
1.975921107e+02 -2.554763629e-02
1.983789032e+02 -1.805125469e-03
1.991405772e+02 3.817873999e-02
2.000633896e+02 1.108071758e-01
2.010633896e+02 2.212380020e-01
2.020633896e+02 3.664449865e-01
2.030633896e+02 5.463200642e-01
2.040633896e+02 7.573669202e-01
2.050633896e+02 9.949183252e-01
2.060633896e+02 1.254914289e+00
2.070633896e+02 1.533435900e+00
2.080633896e+02 1.826338112e+00
2.090633896e+02 2.126666259e+00
2.100633896e+02 2.424774153e+00
2.110633896e+02 2.711925361e+00
2.120633896e+02 2.981265861e+00
2.130633896e+02 3.227874641e+00
2.140633896e+02 3.448660143e+00
2.150633896e+02 3.642124437e+00
2.160633896e+02 3.808515282e+00
2.170633896e+02 3.949813227e+00
2.180633896e+02 4.068729632e+00
2.190633896e+02 4.168138914e+00
2.200633896e+02 4.251236424e+00
2.209177359e+02 4.311694335e+00
2.215849759e+02 4.353652643e+00
2.222115408e+02 4.390083346e+00
2.229063956e+02 4.428239899e+00
2.236509551e+02 4.467528910e+00
2.244389662e+02 4.508244944e+00
2.251954929e+02 4.547141795e+00
2.261378333e+02 4.595963452e+00
2.271378333e+02 4.648663414e+00
2.281378333e+02 4.702580698e+00
2.291378333e+02 4.757457650e+00
2.301378333e+02 4.812369117e+00
2.311378333e+02 4.866518426e+00
2.321378333e+02 4.918623804e+00
2.331378333e+02 4.965672026e+00
2.341378333e+02 5.003570027e+00
2.351378333e+02 5.027363354e+00
2.361378333e+02 5.031624091e+00
2.371378333e+02 5.011668670e+00
2.381378333e+02 4.963770828e+00
2.391378333e+02 4.885062226e+00
2.401378333e+02 4.773331404e+00
2.411378333e+02 4.626740428e+00
2.421378333e+02 4.445546007e+00
2.431378333e+02 4.233372337e+00
2.441378333e+02 3.994857220e+00
2.451378333e+02 3.734052329e+00
2.461378333e+02 3.454879839e+00
2.469728492e+02 3.210526678e+00
2.476406698e+02 3.010323712e+00
2.482734356e+02 2.819677029e+00
2.489723179e+02 2.611159532e+00
2.497183384e+02 2.394146199e+00
2.505076307e+02 2.174076484e+00
2.512571200e+02 1.976693354e+00
2.522227884e+02 1.742089803e+00
2.532227884e+02 1.524815781e+00
2.542227884e+02 1.334928597e+00
2.552227884e+02 1.171932036e+00
2.562227884e+02 1.033676411e+00
2.572227884e+02 9.174496348e-01
2.582227884e+02 8.203296276e-01
2.592227884e+02 7.390918614e-01
2.602227884e+02 6.704759070e-01
2.612227884e+02 6.107973286e-01
2.622227884e+02 5.563278983e-01
2.632227884e+02 5.043140595e-01
2.642227884e+02 4.529623965e-01
2.652227884e+02 4.012180986e-01
2.662227884e+02 3.485230863e-01
2.672227884e+02 2.945823479e-01
2.682227884e+02 2.397028083e-01
2.692227884e+02 1.848349176e-01
2.702227884e+02 1.307521384e-01
2.712227884e+02 7.881976496e-02
2.722227884e+02 3.214415087e-02
2.730338558e+02 8.517781230e-04
2.737018506e+02 -1.852132273e-02
2.743408863e+02 -2.992210602e-02
2.750442800e+02 -3.269963126e-02
2.757915571e+02 -2.270923047e-02
2.765819736e+02 4.137623365e-03
2.773224851e+02 4.584239023e-02
2.783135353e+02 1.286770667e-01
2.793135353e+02 2.453988629e-01
2.803135353e+02 3.971453512e-01
2.813135353e+02 5.831590409e-01
2.823135353e+02 7.994271955e-01
2.833135353e+02 1.041428111e+00
2.843135353e+02 1.305147733e+00
2.853135353e+02 1.586658674e+00
2.863135353e+02 1.881524890e+00
2.873135353e+02 2.182184619e+00
2.883135353e+02 2.478874716e+00
2.893135353e+02 2.763195805e+00
2.903135353e+02 3.028652002e+00
2.913135353e+02 3.270672577e+00
2.923135353e+02 3.486481591e+00
2.933135353e+02 3.674860351e+00
2.943135353e+02 3.836419552e+00
2.953135353e+02 3.973381708e+00
2.963135353e+02 4.088463751e+00
2.973135353e+02 4.184610664e+00
2.983135353e+02 4.265059036e+00
2.990973594e+02 4.319162479e+00
2.997648224e+02 4.360496334e+00
3.004093165e+02 4.397512665e+00
3.011173077e+02 4.436026031e+00
3.018654118e+02 4.475279946e+00
3.026566010e+02 4.516075956e+00
3.033867758e+02 4.553632316e+00
3.043867758e+02 4.605562450e+00
3.053867758e+02 4.658465640e+00
3.063867758e+02 4.712605294e+00
3.073867758e+02 4.767573921e+00
3.083867758e+02 4.822384452e+00
3.093867758e+02 4.876311809e+00
3.103867758e+02 4.927779646e+00
3.113867758e+02 4.973463662e+00
3.123867758e+02 5.009159922e+00
3.133867758e+02 5.029767245e+00
3.143867758e+02 5.029909172e+00
3.153867758e+02 5.005080783e+00
3.163867758e+02 4.951723840e+00
3.173867758e+02 4.867108585e+00
3.183867758e+02 4.749114844e+00
3.193867758e+02 4.596041853e+00
3.203867758e+02 4.408788113e+00
3.213867758e+02 4.191462692e+00
3.223867758e+02 3.948559808e+00
3.233867758e+02 3.684086198e+00
3.243867758e+02 3.401971694e+00
3.251494813e+02 3.177420492e+00
3.258160420e+02 2.977220598e+00
3.264637396e+02 2.782216796e+00
3.271750044e+02 2.570746243e+00
3.279234112e+02 2.354442560e+00
3.287149181e+02 2.135814916e+00
3.294370963e+02 1.947671699e+00
3.304370963e+02 1.708062522e+00
3.314370963e+02 1.494814481e+00
3.324370963e+02 1.309007010e+00
3.334370963e+02 1.149860714e+00
3.344370963e+02 1.015053288e+00
3.354370963e+02 9.018647832e-01
3.364370963e+02 8.073190930e-01
3.374370963e+02 7.281665006e-01
3.384370963e+02 6.611172401e-01
3.394370963e+02 6.024347695e-01
3.404370963e+02 5.484825262e-01
3.414370963e+02 4.966626269e-01
3.424370963e+02 4.453064403e-01
3.434370963e+02 3.934486920e-01
3.444370963e+02 3.405844031e-01
3.454370963e+02 2.864645143e-01
3.464370963e+02 2.315150599e-01
3.474370963e+02 1.767309440e-01
3.484370963e+02 1.228371163e-01
3.494370963e+02 7.143863957e-02
3.504370963e+02 2.588597780e-02
3.511878056e+02 -2.096175398e-03
3.518536741e+02 -2.050822165e-02
3.525028420e+02 -3.095000569e-02
3.532158793e+02 -3.214087184e-02
3.539643540e+02 -2.009801180e-02
3.547559561e+02 9.197935391e-03
3.554736309e+02 5.172586967e-02
3.564736309e+02 1.382285130e-01
3.574736309e+02 2.581900055e-01
3.584736309e+02 4.132553690e-01
3.594736309e+02 6.023398398e-01
3.604736309e+02 8.212165594e-01
3.614736309e+02 1.065436154e+00
3.624736309e+02 1.331006775e+00
3.634736309e+02 1.613998059e+00
3.644736309e+02 1.909773647e+00
3.654736309e+02 2.210469897e+00
3.664736309e+02 2.506325901e+00
3.674736309e+02 2.789116838e+00
3.684736309e+02 3.052530075e+00
3.694736309e+02 3.292172063e+00
3.704736309e+02 3.505424638e+00
3.714736309e+02 3.691219156e+00
3.724736309e+02 3.850344094e+00
3.734736309e+02 3.985127479e+00
3.744736309e+02 4.098291819e+00
3.754736309e+02 4.192815752e+00
3.764736309e+02 4.271950362e+00
3.772180886e+02 4.322708853e+00
3.778835462e+02 4.363629699e+00
3.785333876e+02 4.400755559e+00
3.792473274e+02 4.439442185e+00
3.799958118e+02 4.478628646e+00
3.807874426e+02 4.519418492e+00
3.815027873e+02 4.556221239e+00
3.825027873e+02 4.608191560e+00
3.835027873e+02 4.661152852e+00
3.845027873e+02 4.715350171e+00
3.855027873e+02 4.770337388e+00
3.865027873e+02 4.825116996e+00
3.875027873e+02 4.878972207e+00
3.885027873e+02 4.930244574e+00
3.895027873e+02 4.975533851e+00
3.905027873e+02 5.010599921e+00
3.915027873e+02 5.030304658e+00
3.925027873e+02 5.029294642e+00
3.935027873e+02 5.003113732e+00
3.945027873e+02 4.948248974e+00
3.955027873e+02 4.862007235e+00
3.965027873e+02 4.742291514e+00
3.975027873e+02 4.587457595e+00
3.985027873e+02 4.398577476e+00
3.995027873e+02 4.179870705e+00
4.005027873e+02 3.935793259e+00
4.015027873e+02 3.670340148e+00
4.025027873e+02 3.387442650e+00
4.032441413e+02 3.168837594e+00
4.039093822e+02 2.968951558e+00
4.045595354e+02 2.773255046e+00
4.052739183e+02 2.561051830e+00
4.060224014e+02 2.345076045e+00
4.068140417e+02 2.126909547e+00
4.075282347e+02 1.941314880e+00
4.085282347e+02 1.702346221e+00
4.095282347e+02 1.489784079e+00
4.105282347e+02 1.304666903e+00
4.115282347e+02 1.146168543e+00
4.125282347e+02 1.011940444e+00
4.135282347e+02 8.992608291e-01
4.145282347e+02 8.051448608e-01
4.155282347e+02 7.263396902e-01
4.165282347e+02 6.595484809e-01
4.175282347e+02 6.010268156e-01
4.185282347e+02 5.471566013e-01
4.195282347e+02 4.953659528e-01
4.205282347e+02 4.440069110e-01
4.215282347e+02 3.921288545e-01
4.225282347e+02 3.392352830e-01
4.235282347e+02 2.850864202e-01
4.245282347e+02 2.301276755e-01
4.255282347e+02 1.753590959e-01
4.265282347e+02 1.215016646e-01
4.275282347e+02 7.020170667e-02
4.285282347e+02 2.484767168e-02
4.292680861e+02 -2.564179940e-03
4.299332191e+02 -2.080953499e-02
4.305835180e+02 -3.108987346e-02
4.312981142e+02 -3.203048098e-02
4.320465955e+02 -1.967312984e-02
4.328382392e+02 9.991891925e-03
4.335518759e+02 5.259195465e-02
4.345518759e+02 1.394948629e-01
4.355518759e+02 2.598799094e-01
4.365518759e+02 4.153767751e-01
4.375518759e+02 6.048582555e-01
4.385518759e+02 8.240720670e-01
4.395518759e+02 1.068578139e+00
4.405518759e+02 1.334387461e+00
4.415518759e+02 1.617569372e+00
4.425518759e+02 1.913458826e+00
4.435518759e+02 2.214153250e+00
4.445518759e+02 2.509895111e+00
4.455518759e+02 2.792482446e+00
4.465518759e+02 3.055626516e+00
4.475518759e+02 3.294956767e+00
4.485518759e+02 3.507875427e+00
4.495518759e+02 3.693333778e+00
4.505518759e+02 3.852143094e+00
4.515518759e+02 3.986644258e+00
4.525518759e+02 4.099560658e+00
4.535518759e+02 4.193875191e+00
4.545518759e+02 4.272840491e+00
4.552910088e+02 4.323156415e+00
4.559560896e+02 4.364018333e+00
4.566064569e+02 4.401150293e+00
4.573211550e+02 4.439860100e+00
4.580696349e+02 4.479036059e+00
4.588612801e+02 4.519823429e+00
4.595746511e+02 4.556525856e+00
4.605746511e+02 4.608500995e+00
4.615746511e+02 4.661469175e+00
4.625746511e+02 4.715673178e+00
4.635746511e+02 4.770662393e+00
4.645746511e+02 4.825438268e+00
4.655746511e+02 4.879284661e+00
4.665746511e+02 4.930533422e+00
4.675746511e+02 4.975775632e+00
4.685746511e+02 5.010766755e+00
4.695746511e+02 5.030364405e+00
4.705746511e+02 5.029218128e+00
4.715746511e+02 5.002877517e+00
4.725746511e+02 4.947834925e+00
4.735746511e+02 4.861401492e+00
4.745746511e+02 4.741482890e+00
4.755746511e+02 4.586442098e+00
4.765746511e+02 4.397371473e+00
4.775746511e+02 4.178502936e+00
4.785746511e+02 3.934287999e+00
4.795746511e+02 3.668720307e+00
4.805746511e+02 3.385731284e+00
4.813134426e+02 3.167842538e+00
4.819784984e+02 2.968002937e+00
4.826288979e+02 2.772237907e+00
4.833436443e+02 2.559949211e+00
4.840921236e+02 2.344014653e+00
4.848837695e+02 2.125903348e+00
4.855970143e+02 1.940607772e+00
4.865970143e+02 1.701710561e+00
4.875970143e+02 1.489224861e+00
4.885970143e+02 1.304184534e+00
4.895970143e+02 1.145758244e+00
4.905970143e+02 1.011594569e+00
4.915970143e+02 8.989715149e-01
4.925970143e+02 8.049032823e-01
4.935970143e+02 7.261366934e-01
4.945970143e+02 6.593740865e-01
4.955970143e+02 6.008701844e-01
4.965970143e+02 5.470090033e-01
4.975970143e+02 4.952215464e-01
4.985970143e+02 4.438621482e-01
4.995970143e+02 3.919818094e-01
5.000000000e+02 3.708119123e-01
